www.politie.nl
CLIB: 38.6699150135257
CILT: 53.33852119026151
avgLetters: 5.095581605049595
freqCommonWords: 0.0
typeTokenFrequency: 0.062218214607754736
avgWords: 18.483333333333334
