www.politie.nl.txt
CLIB: 38.63365613718412
CILT: 53.36184115523466
avgLetters: 5.097472924187725
freqCommonWords: 0.0
typeTokenFrequency: 0.06227436823104693
avgWords: 18.466666666666665
